(kicad_pcb (version 20171130) (host pcbnew "(5.1.5)-3")

  (general
    (thickness 1.6)
    (drawings 77)
    (tracks 793)
    (zones 0)
    (modules 94)
    (nets 79)
  )

  (page A4)
  (layers
    (0 F.Cu signal)
    (31 B.Cu signal)
    (32 B.Adhes user)
    (33 F.Adhes user)
    (34 B.Paste user)
    (35 F.Paste user)
    (36 B.SilkS user)
    (37 F.SilkS user)
    (38 B.Mask user)
    (39 F.Mask user)
    (40 Dwgs.User user)
    (41 Cmts.User user)
    (42 Eco1.User user)
    (43 Eco2.User user)
    (44 Edge.Cuts user)
    (45 Margin user)
    (46 B.CrtYd user)
    (47 F.CrtYd user)
    (48 B.Fab user)
    (49 F.Fab user)
  )

  (setup
    (last_trace_width 0.25)
    (user_trace_width 0.5)
    (user_trace_width 1)
    (trace_clearance 0.2)
    (zone_clearance 0.254)
    (zone_45_only no)
    (trace_min 0.2)
    (via_size 0.8)
    (via_drill 0.4)
    (via_min_size 0.4)
    (via_min_drill 0.3)
    (user_via 1.6 0.8)
    (uvia_size 0.3)
    (uvia_drill 0.1)
    (uvias_allowed no)
    (uvia_min_size 0.2)
    (uvia_min_drill 0.1)
    (edge_width 0.05)
    (segment_width 0.2)
    (pcb_text_width 0.3)
    (pcb_text_size 1.5 1.5)
    (mod_edge_width 0.12)
    (mod_text_size 1 1)
    (mod_text_width 0.15)
    (pad_size 1.524 1.524)
    (pad_drill 0.762)
    (pad_to_mask_clearance 0.051)
    (solder_mask_min_width 0.25)
    (aux_axis_origin 0 0)
    (visible_elements 7FFFFFFF)
    (pcbplotparams
      (layerselection 0x010fc_ffffffff)
      (usegerberextensions false)
      (usegerberattributes false)
      (usegerberadvancedattributes false)
      (creategerberjobfile false)
      (excludeedgelayer true)
      (linewidth 0.100000)
      (plotframeref false)
      (viasonmask false)
      (mode 1)
      (useauxorigin false)
      (hpglpennumber 1)
      (hpglpenspeed 20)
      (hpglpendiameter 15.000000)
      (psnegative false)
      (psa4output false)
      (plotreference true)
      (plotvalue true)
      (plotinvisibletext false)
      (padsonsilk false)
      (subtractmaskfromsilk false)
      (outputformat 1)
      (mirror false)
      (drillshape 0)
      (scaleselection 1)
      (outputdirectory "cnc_gerber/"))
  )

  (net 0 "")
  (net 1 SPIN_DIR)
  (net 2 ZLIMIT)
  (net 3 +12V)
  (net 4 SPIN_EN)
  (net 5 GND)
  (net 6 YLIMIT)
  (net 7 RESET)
  (net 8 XLIMIT)
  (net 9 +5V)
  (net 10 EN)
  (net 11 "Net-(A1-Pad26)")
  (net 12 ZDIR)
  (net 13 "Net-(A1-Pad25)")
  (net 14 YDIR)
  (net 15 SCL)
  (net 16 XDIR)
  (net 17 SDA)
  (net 18 ZSTEP)
  (net 19 COOLANT)
  (net 20 YSTEP)
  (net 21 RESUME)
  (net 22 XSTEP)
  (net 23 HOLD)
  (net 24 ABORT)
  (net 25 "Net-(A1-Pad18)")
  (net 26 RX)
  (net 27 +3V3)
  (net 28 TX)
  (net 29 "Net-(J5-Pad2)")
  (net 30 "Net-(J5-Pad1)")
  (net 31 "Net-(J6-Pad2)")
  (net 32 "Net-(J6-Pad1)")
  (net 33 "Net-(J7-Pad2)")
  (net 34 "Net-(J7-Pad1)")
  (net 35 ASTEP)
  (net 36 ADIR)
  (net 37 "Net-(JP28-Pad2)")
  (net 38 "Net-(JP28-Pad1)")
  (net 39 "Net-(JP29-Pad2)")
  (net 40 "Net-(JP29-Pad1)")
  (net 41 "Net-(JP30-Pad2)")
  (net 42 "Net-(JP30-Pad1)")
  (net 43 "Net-(JP31-Pad2)")
  (net 44 "Net-(JP31-Pad1)")
  (net 45 "Net-(JP32-Pad2)")
  (net 46 "Net-(JP32-Pad1)")
  (net 47 "Net-(JP33-Pad2)")
  (net 48 "Net-(JP33-Pad1)")
  (net 49 "Net-(JP34-Pad2)")
  (net 50 "Net-(JP34-Pad1)")
  (net 51 "Net-(JP35-Pad2)")
  (net 52 "Net-(JP35-Pad1)")
  (net 53 "Net-(JP36-Pad2)")
  (net 54 "Net-(JP36-Pad1)")
  (net 55 "Net-(JP37-Pad1)")
  (net 56 "Net-(JP38-Pad1)")
  (net 57 "Net-(JP39-Pad1)")
  (net 58 "Net-(J5-Pad3)")
  (net 59 "Net-(J5-Pad4)")
  (net 60 "Net-(J6-Pad3)")
  (net 61 "Net-(J6-Pad4)")
  (net 62 "Net-(J7-Pad3)")
  (net 63 "Net-(J7-Pad4)")
  (net 64 "Net-(A_DRV1-Pad13)")
  (net 65 "Net-(A_DRV1-Pad6)")
  (net 66 "Net-(A_DRV1-Pad5)")
  (net 67 "Net-(A_DRV1-Pad12)")
  (net 68 "Net-(A_DRV1-Pad4)")
  (net 69 "Net-(A_DRV1-Pad11)")
  (net 70 "Net-(A_DRV1-Pad3)")
  (net 71 "Net-(A_DRV1-Pad10)")
  (net 72 "Net-(X_DRV1-Pad13)")
  (net 73 "Net-(Y_DRV1-Pad13)")
  (net 74 "Net-(Z_DRV1-Pad13)")
  (net 75 "Net-(A1-Pad30)")
  (net 76 "Net-(JP16-Pad1)")
  (net 77 "Net-(JP18-Pad1)")
  (net 78 "Net-(JP20-Pad1)")

  (net_class Default "This is the default net class."
    (clearance 0.2)
    (trace_width 0.25)
    (via_dia 0.8)
    (via_drill 0.4)
    (uvia_dia 0.3)
    (uvia_drill 0.1)
    (add_net +12V)
    (add_net +3V3)
    (add_net +5V)
    (add_net ABORT)
    (add_net ADIR)
    (add_net ASTEP)
    (add_net COOLANT)
    (add_net EN)
    (add_net GND)
    (add_net HOLD)
    (add_net "Net-(A1-Pad18)")
    (add_net "Net-(A1-Pad25)")
    (add_net "Net-(A1-Pad26)")
    (add_net "Net-(A1-Pad30)")
    (add_net "Net-(A_DRV1-Pad10)")
    (add_net "Net-(A_DRV1-Pad11)")
    (add_net "Net-(A_DRV1-Pad12)")
    (add_net "Net-(A_DRV1-Pad13)")
    (add_net "Net-(A_DRV1-Pad3)")
    (add_net "Net-(A_DRV1-Pad4)")
    (add_net "Net-(A_DRV1-Pad5)")
    (add_net "Net-(A_DRV1-Pad6)")
    (add_net "Net-(J5-Pad1)")
    (add_net "Net-(J5-Pad2)")
    (add_net "Net-(J5-Pad3)")
    (add_net "Net-(J5-Pad4)")
    (add_net "Net-(J6-Pad1)")
    (add_net "Net-(J6-Pad2)")
    (add_net "Net-(J6-Pad3)")
    (add_net "Net-(J6-Pad4)")
    (add_net "Net-(J7-Pad1)")
    (add_net "Net-(J7-Pad2)")
    (add_net "Net-(J7-Pad3)")
    (add_net "Net-(J7-Pad4)")
    (add_net "Net-(JP16-Pad1)")
    (add_net "Net-(JP18-Pad1)")
    (add_net "Net-(JP20-Pad1)")
    (add_net "Net-(JP28-Pad1)")
    (add_net "Net-(JP28-Pad2)")
    (add_net "Net-(JP29-Pad1)")
    (add_net "Net-(JP29-Pad2)")
    (add_net "Net-(JP30-Pad1)")
    (add_net "Net-(JP30-Pad2)")
    (add_net "Net-(JP31-Pad1)")
    (add_net "Net-(JP31-Pad2)")
    (add_net "Net-(JP32-Pad1)")
    (add_net "Net-(JP32-Pad2)")
    (add_net "Net-(JP33-Pad1)")
    (add_net "Net-(JP33-Pad2)")
    (add_net "Net-(JP34-Pad1)")
    (add_net "Net-(JP34-Pad2)")
    (add_net "Net-(JP35-Pad1)")
    (add_net "Net-(JP35-Pad2)")
    (add_net "Net-(JP36-Pad1)")
    (add_net "Net-(JP36-Pad2)")
    (add_net "Net-(JP37-Pad1)")
    (add_net "Net-(JP38-Pad1)")
    (add_net "Net-(JP39-Pad1)")
    (add_net "Net-(X_DRV1-Pad13)")
    (add_net "Net-(Y_DRV1-Pad13)")
    (add_net "Net-(Z_DRV1-Pad13)")
    (add_net RESET)
    (add_net RESUME)
    (add_net RX)
    (add_net SCL)
    (add_net SDA)
    (add_net SPIN_DIR)
    (add_net SPIN_EN)
    (add_net TX)
    (add_net XDIR)
    (add_net XLIMIT)
    (add_net XSTEP)
    (add_net YDIR)
    (add_net YLIMIT)
    (add_net YSTEP)
    (add_net ZDIR)
    (add_net ZLIMIT)
    (add_net ZSTEP)
  )

  (module Capacitor_SMD:C_0805_2012Metric (layer B.Cu) (tedit 5B36C52B) (tstamp 5F14EB77)
    (at 55.245 24.765 90)
    (descr "Capacitor SMD 0805 (2012 Metric), square (rectangular) end terminal, IPC_7351 nominal, (Body size source: https://docs.google.com/spreadsheets/d/1BsfQQcO9C6DZCsRaXUlFlo91Tg2WpOkGARC1WS5S8t0/edit?usp=sharing), generated with kicad-footprint-generator")
    (tags capacitor)
    (path /5F77B1DD)
    (attr smd)
    (fp_text reference C10 (at -3.175 0 90) (layer B.SilkS)
      (effects (font (size 1 1) (thickness 0.15)) (justify mirror))
    )
    (fp_text value 100nF (at 0 -1.65 90) (layer B.Fab) hide
      (effects (font (size 1 1) (thickness 0.15)) (justify mirror))
    )
    (fp_text user %R (at 0 0 90) (layer B.Fab)
      (effects (font (size 0.5 0.5) (thickness 0.08)) (justify mirror))
    )
    (fp_line (start 1.68 -0.95) (end -1.68 -0.95) (layer B.CrtYd) (width 0.05))
    (fp_line (start 1.68 0.95) (end 1.68 -0.95) (layer B.CrtYd) (width 0.05))
    (fp_line (start -1.68 0.95) (end 1.68 0.95) (layer B.CrtYd) (width 0.05))
    (fp_line (start -1.68 -0.95) (end -1.68 0.95) (layer B.CrtYd) (width 0.05))
    (fp_line (start -0.258578 -0.71) (end 0.258578 -0.71) (layer B.SilkS) (width 0.12))
    (fp_line (start -0.258578 0.71) (end 0.258578 0.71) (layer B.SilkS) (width 0.12))
    (fp_line (start 1 -0.6) (end -1 -0.6) (layer B.Fab) (width 0.1))
    (fp_line (start 1 0.6) (end 1 -0.6) (layer B.Fab) (width 0.1))
    (fp_line (start -1 0.6) (end 1 0.6) (layer B.Fab) (width 0.1))
    (fp_line (start -1 -0.6) (end -1 0.6) (layer B.Fab) (width 0.1))
    (pad 2 smd roundrect (at 0.9375 0 90) (size 0.975 1.4) (layers B.Cu B.Paste B.Mask) (roundrect_rratio 0.25)
      (net 21 RESUME))
    (pad 1 smd roundrect (at -0.9375 0 90) (size 0.975 1.4) (layers B.Cu B.Paste B.Mask) (roundrect_rratio 0.25)
      (net 5 GND))
    (model ${KISYS3DMOD}/Capacitor_SMD.3dshapes/C_0805_2012Metric.wrl
      (at (xyz 0 0 0))
      (scale (xyz 1 1 1))
      (rotate (xyz 0 0 0))
    )
  )

  (module Capacitor_SMD:C_0805_2012Metric (layer F.Cu) (tedit 5B36C52B) (tstamp 5F14EB66)
    (at 16.51 50.165 180)
    (descr "Capacitor SMD 0805 (2012 Metric), square (rectangular) end terminal, IPC_7351 nominal, (Body size source: https://docs.google.com/spreadsheets/d/1BsfQQcO9C6DZCsRaXUlFlo91Tg2WpOkGARC1WS5S8t0/edit?usp=sharing), generated with kicad-footprint-generator")
    (tags capacitor)
    (path /5F5C2DB1)
    (attr smd)
    (fp_text reference C9 (at 0 -5.715) (layer F.SilkS)
      (effects (font (size 1 1) (thickness 0.15)))
    )
    (fp_text value 100nF (at 0 1.65) (layer F.Fab) hide
      (effects (font (size 1 1) (thickness 0.15)))
    )
    (fp_text user %R (at 0 0) (layer F.Fab)
      (effects (font (size 0.5 0.5) (thickness 0.08)))
    )
    (fp_line (start 1.68 0.95) (end -1.68 0.95) (layer F.CrtYd) (width 0.05))
    (fp_line (start 1.68 -0.95) (end 1.68 0.95) (layer F.CrtYd) (width 0.05))
    (fp_line (start -1.68 -0.95) (end 1.68 -0.95) (layer F.CrtYd) (width 0.05))
    (fp_line (start -1.68 0.95) (end -1.68 -0.95) (layer F.CrtYd) (width 0.05))
    (fp_line (start -0.258578 0.71) (end 0.258578 0.71) (layer F.SilkS) (width 0.12))
    (fp_line (start -0.258578 -0.71) (end 0.258578 -0.71) (layer F.SilkS) (width 0.12))
    (fp_line (start 1 0.6) (end -1 0.6) (layer F.Fab) (width 0.1))
    (fp_line (start 1 -0.6) (end 1 0.6) (layer F.Fab) (width 0.1))
    (fp_line (start -1 -0.6) (end 1 -0.6) (layer F.Fab) (width 0.1))
    (fp_line (start -1 0.6) (end -1 -0.6) (layer F.Fab) (width 0.1))
    (pad 2 smd roundrect (at 0.9375 0 180) (size 0.975 1.4) (layers F.Cu F.Paste F.Mask) (roundrect_rratio 0.25)
      (net 2 ZLIMIT))
    (pad 1 smd roundrect (at -0.9375 0 180) (size 0.975 1.4) (layers F.Cu F.Paste F.Mask) (roundrect_rratio 0.25)
      (net 5 GND))
    (model ${KISYS3DMOD}/Capacitor_SMD.3dshapes/C_0805_2012Metric.wrl
      (at (xyz 0 0 0))
      (scale (xyz 1 1 1))
      (rotate (xyz 0 0 0))
    )
  )

  (module Capacitor_SMD:C_0805_2012Metric (layer B.Cu) (tedit 5B36C52B) (tstamp 5F14EB55)
    (at 52.705 24.765 90)
    (descr "Capacitor SMD 0805 (2012 Metric), square (rectangular) end terminal, IPC_7351 nominal, (Body size source: https://docs.google.com/spreadsheets/d/1BsfQQcO9C6DZCsRaXUlFlo91Tg2WpOkGARC1WS5S8t0/edit?usp=sharing), generated with kicad-footprint-generator")
    (tags capacitor)
    (path /5F77B1BC)
    (attr smd)
    (fp_text reference C8 (at -3.175 0 90) (layer B.SilkS)
      (effects (font (size 1 1) (thickness 0.15)) (justify mirror))
    )
    (fp_text value 100nF (at 0 -1.65 90) (layer B.Fab) hide
      (effects (font (size 1 1) (thickness 0.15)) (justify mirror))
    )
    (fp_text user %R (at 0 0 90) (layer B.Fab)
      (effects (font (size 0.5 0.5) (thickness 0.08)) (justify mirror))
    )
    (fp_line (start 1.68 -0.95) (end -1.68 -0.95) (layer B.CrtYd) (width 0.05))
    (fp_line (start 1.68 0.95) (end 1.68 -0.95) (layer B.CrtYd) (width 0.05))
    (fp_line (start -1.68 0.95) (end 1.68 0.95) (layer B.CrtYd) (width 0.05))
    (fp_line (start -1.68 -0.95) (end -1.68 0.95) (layer B.CrtYd) (width 0.05))
    (fp_line (start -0.258578 -0.71) (end 0.258578 -0.71) (layer B.SilkS) (width 0.12))
    (fp_line (start -0.258578 0.71) (end 0.258578 0.71) (layer B.SilkS) (width 0.12))
    (fp_line (start 1 -0.6) (end -1 -0.6) (layer B.Fab) (width 0.1))
    (fp_line (start 1 0.6) (end 1 -0.6) (layer B.Fab) (width 0.1))
    (fp_line (start -1 0.6) (end 1 0.6) (layer B.Fab) (width 0.1))
    (fp_line (start -1 -0.6) (end -1 0.6) (layer B.Fab) (width 0.1))
    (pad 2 smd roundrect (at 0.9375 0 90) (size 0.975 1.4) (layers B.Cu B.Paste B.Mask) (roundrect_rratio 0.25)
      (net 23 HOLD))
    (pad 1 smd roundrect (at -0.9375 0 90) (size 0.975 1.4) (layers B.Cu B.Paste B.Mask) (roundrect_rratio 0.25)
      (net 5 GND))
    (model ${KISYS3DMOD}/Capacitor_SMD.3dshapes/C_0805_2012Metric.wrl
      (at (xyz 0 0 0))
      (scale (xyz 1 1 1))
      (rotate (xyz 0 0 0))
    )
  )

  (module Capacitor_SMD:C_0805_2012Metric (layer F.Cu) (tedit 5B36C52B) (tstamp 5F14EB44)
    (at 16.51 47.625 180)
    (descr "Capacitor SMD 0805 (2012 Metric), square (rectangular) end terminal, IPC_7351 nominal, (Body size source: https://docs.google.com/spreadsheets/d/1BsfQQcO9C6DZCsRaXUlFlo91Tg2WpOkGARC1WS5S8t0/edit?usp=sharing), generated with kicad-footprint-generator")
    (tags capacitor)
    (path /5F1D070E)
    (attr smd)
    (fp_text reference C7 (at 0 -6.35) (layer F.SilkS)
      (effects (font (size 1 1) (thickness 0.15)))
    )
    (fp_text value 100nF (at 0 1.65) (layer F.Fab) hide
      (effects (font (size 1 1) (thickness 0.15)))
    )
    (fp_text user %R (at 0 0) (layer F.Fab)
      (effects (font (size 0.5 0.5) (thickness 0.08)))
    )
    (fp_line (start 1.68 0.95) (end -1.68 0.95) (layer F.CrtYd) (width 0.05))
    (fp_line (start 1.68 -0.95) (end 1.68 0.95) (layer F.CrtYd) (width 0.05))
    (fp_line (start -1.68 -0.95) (end 1.68 -0.95) (layer F.CrtYd) (width 0.05))
    (fp_line (start -1.68 0.95) (end -1.68 -0.95) (layer F.CrtYd) (width 0.05))
    (fp_line (start -0.258578 0.71) (end 0.258578 0.71) (layer F.SilkS) (width 0.12))
    (fp_line (start -0.258578 -0.71) (end 0.258578 -0.71) (layer F.SilkS) (width 0.12))
    (fp_line (start 1 0.6) (end -1 0.6) (layer F.Fab) (width 0.1))
    (fp_line (start 1 -0.6) (end 1 0.6) (layer F.Fab) (width 0.1))
    (fp_line (start -1 -0.6) (end 1 -0.6) (layer F.Fab) (width 0.1))
    (fp_line (start -1 0.6) (end -1 -0.6) (layer F.Fab) (width 0.1))
    (pad 2 smd roundrect (at 0.9375 0 180) (size 0.975 1.4) (layers F.Cu F.Paste F.Mask) (roundrect_rratio 0.25)
      (net 6 YLIMIT))
    (pad 1 smd roundrect (at -0.9375 0 180) (size 0.975 1.4) (layers F.Cu F.Paste F.Mask) (roundrect_rratio 0.25)
      (net 5 GND))
    (model ${KISYS3DMOD}/Capacitor_SMD.3dshapes/C_0805_2012Metric.wrl
      (at (xyz 0 0 0))
      (scale (xyz 1 1 1))
      (rotate (xyz 0 0 0))
    )
  )

  (module Capacitor_SMD:C_0805_2012Metric (layer B.Cu) (tedit 5B36C52B) (tstamp 5F14EB33)
    (at 50.165 24.765 90)
    (descr "Capacitor SMD 0805 (2012 Metric), square (rectangular) end terminal, IPC_7351 nominal, (Body size source: https://docs.google.com/spreadsheets/d/1BsfQQcO9C6DZCsRaXUlFlo91Tg2WpOkGARC1WS5S8t0/edit?usp=sharing), generated with kicad-footprint-generator")
    (tags capacitor)
    (path /5F77B1CE)
    (attr smd)
    (fp_text reference C6 (at -3.175 0 90) (layer B.SilkS)
      (effects (font (size 1 1) (thickness 0.15)) (justify mirror))
    )
    (fp_text value 100nF (at 0 -1.65 90) (layer B.Fab) hide
      (effects (font (size 1 1) (thickness 0.15)) (justify mirror))
    )
    (fp_text user %R (at 0 0 90) (layer B.Fab)
      (effects (font (size 0.5 0.5) (thickness 0.08)) (justify mirror))
    )
    (fp_line (start 1.68 -0.95) (end -1.68 -0.95) (layer B.CrtYd) (width 0.05))
    (fp_line (start 1.68 0.95) (end 1.68 -0.95) (layer B.CrtYd) (width 0.05))
    (fp_line (start -1.68 0.95) (end 1.68 0.95) (layer B.CrtYd) (width 0.05))
    (fp_line (start -1.68 -0.95) (end -1.68 0.95) (layer B.CrtYd) (width 0.05))
    (fp_line (start -0.258578 -0.71) (end 0.258578 -0.71) (layer B.SilkS) (width 0.12))
    (fp_line (start -0.258578 0.71) (end 0.258578 0.71) (layer B.SilkS) (width 0.12))
    (fp_line (start 1 -0.6) (end -1 -0.6) (layer B.Fab) (width 0.1))
    (fp_line (start 1 0.6) (end 1 -0.6) (layer B.Fab) (width 0.1))
    (fp_line (start -1 0.6) (end 1 0.6) (layer B.Fab) (width 0.1))
    (fp_line (start -1 -0.6) (end -1 0.6) (layer B.Fab) (width 0.1))
    (pad 2 smd roundrect (at 0.9375 0 90) (size 0.975 1.4) (layers B.Cu B.Paste B.Mask) (roundrect_rratio 0.25)
      (net 24 ABORT))
    (pad 1 smd roundrect (at -0.9375 0 90) (size 0.975 1.4) (layers B.Cu B.Paste B.Mask) (roundrect_rratio 0.25)
      (net 5 GND))
    (model ${KISYS3DMOD}/Capacitor_SMD.3dshapes/C_0805_2012Metric.wrl
      (at (xyz 0 0 0))
      (scale (xyz 1 1 1))
      (rotate (xyz 0 0 0))
    )
  )

  (module Capacitor_SMD:C_0805_2012Metric (layer F.Cu) (tedit 5B36C52B) (tstamp 5F14EB22)
    (at 16.51 45.085 180)
    (descr "Capacitor SMD 0805 (2012 Metric), square (rectangular) end terminal, IPC_7351 nominal, (Body size source: https://docs.google.com/spreadsheets/d/1BsfQQcO9C6DZCsRaXUlFlo91Tg2WpOkGARC1WS5S8t0/edit?usp=sharing), generated with kicad-footprint-generator")
    (tags capacitor)
    (path /5F528AE5)
    (attr smd)
    (fp_text reference C5 (at 0 -6.985) (layer F.SilkS)
      (effects (font (size 1 1) (thickness 0.15)))
    )
    (fp_text value 100nF (at 0 1.65) (layer F.Fab) hide
      (effects (font (size 1 1) (thickness 0.15)))
    )
    (fp_text user %R (at 0 0) (layer F.Fab)
      (effects (font (size 0.5 0.5) (thickness 0.08)))
    )
    (fp_line (start 1.68 0.95) (end -1.68 0.95) (layer F.CrtYd) (width 0.05))
    (fp_line (start 1.68 -0.95) (end 1.68 0.95) (layer F.CrtYd) (width 0.05))
    (fp_line (start -1.68 -0.95) (end 1.68 -0.95) (layer F.CrtYd) (width 0.05))
    (fp_line (start -1.68 0.95) (end -1.68 -0.95) (layer F.CrtYd) (width 0.05))
    (fp_line (start -0.258578 0.71) (end 0.258578 0.71) (layer F.SilkS) (width 0.12))
    (fp_line (start -0.258578 -0.71) (end 0.258578 -0.71) (layer F.SilkS) (width 0.12))
    (fp_line (start 1 0.6) (end -1 0.6) (layer F.Fab) (width 0.1))
    (fp_line (start 1 -0.6) (end 1 0.6) (layer F.Fab) (width 0.1))
    (fp_line (start -1 -0.6) (end 1 -0.6) (layer F.Fab) (width 0.1))
    (fp_line (start -1 0.6) (end -1 -0.6) (layer F.Fab) (width 0.1))
    (pad 2 smd roundrect (at 0.9375 0 180) (size 0.975 1.4) (layers F.Cu F.Paste F.Mask) (roundrect_rratio 0.25)
      (net 8 XLIMIT))
    (pad 1 smd roundrect (at -0.9375 0 180) (size 0.975 1.4) (layers F.Cu F.Paste F.Mask) (roundrect_rratio 0.25)
      (net 5 GND))
    (model ${KISYS3DMOD}/Capacitor_SMD.3dshapes/C_0805_2012Metric.wrl
      (at (xyz 0 0 0))
      (scale (xyz 1 1 1))
      (rotate (xyz 0 0 0))
    )
  )

  (module Resistor_SMD:R_0805_2012Metric (layer B.Cu) (tedit 5B36C52B) (tstamp 5F14D1E0)
    (at 55.245 20.955 270)
    (descr "Resistor SMD 0805 (2012 Metric), square (rectangular) end terminal, IPC_7351 nominal, (Body size source: https://docs.google.com/spreadsheets/d/1BsfQQcO9C6DZCsRaXUlFlo91Tg2WpOkGARC1WS5S8t0/edit?usp=sharing), generated with kicad-footprint-generator")
    (tags resistor)
    (path /5F77B1D7)
    (attr smd)
    (fp_text reference R31 (at -3.175 0 90) (layer B.SilkS)
      (effects (font (size 1 1) (thickness 0.15)) (justify mirror))
    )
    (fp_text value 10K (at 0 -1.65 90) (layer B.Fab) hide
      (effects (font (size 1 1) (thickness 0.15)) (justify mirror))
    )
    (fp_text user %R (at 0 0 90) (layer B.Fab)
      (effects (font (size 0.5 0.5) (thickness 0.08)) (justify mirror))
    )
    (fp_line (start 1.68 -0.95) (end -1.68 -0.95) (layer B.CrtYd) (width 0.05))
    (fp_line (start 1.68 0.95) (end 1.68 -0.95) (layer B.CrtYd) (width 0.05))
    (fp_line (start -1.68 0.95) (end 1.68 0.95) (layer B.CrtYd) (width 0.05))
    (fp_line (start -1.68 -0.95) (end -1.68 0.95) (layer B.CrtYd) (width 0.05))
    (fp_line (start -0.258578 -0.71) (end 0.258578 -0.71) (layer B.SilkS) (width 0.12))
    (fp_line (start -0.258578 0.71) (end 0.258578 0.71) (layer B.SilkS) (width 0.12))
    (fp_line (start 1 -0.6) (end -1 -0.6) (layer B.Fab) (width 0.1))
    (fp_line (start 1 0.6) (end 1 -0.6) (layer B.Fab) (width 0.1))
    (fp_line (start -1 0.6) (end 1 0.6) (layer B.Fab) (width 0.1))
    (fp_line (start -1 -0.6) (end -1 0.6) (layer B.Fab) (width 0.1))
    (pad 2 smd roundrect (at 0.9375 0 270) (size 0.975 1.4) (layers B.Cu B.Paste B.Mask) (roundrect_rratio 0.25)
      (net 21 RESUME))
    (pad 1 smd roundrect (at -0.9375 0 270) (size 0.975 1.4) (layers B.Cu B.Paste B.Mask) (roundrect_rratio 0.25)
      (net 9 +5V))
    (model ${KISYS3DMOD}/Resistor_SMD.3dshapes/R_0805_2012Metric.wrl
      (at (xyz 0 0 0))
      (scale (xyz 1 1 1))
      (rotate (xyz 0 0 0))
    )
  )

  (module Resistor_SMD:R_0805_2012Metric (layer F.Cu) (tedit 5B36C52B) (tstamp 5F14D1CF)
    (at 12.7 50.165)
    (descr "Resistor SMD 0805 (2012 Metric), square (rectangular) end terminal, IPC_7351 nominal, (Body size source: https://docs.google.com/spreadsheets/d/1BsfQQcO9C6DZCsRaXUlFlo91Tg2WpOkGARC1WS5S8t0/edit?usp=sharing), generated with kicad-footprint-generator")
    (tags resistor)
    (path /5F5C2DA5)
    (attr smd)
    (fp_text reference R30 (at 0 5.715) (layer F.SilkS)
      (effects (font (size 1 1) (thickness 0.15)))
    )
    (fp_text value 10K (at 0 1.65) (layer F.Fab) hide
      (effects (font (size 1 1) (thickness 0.15)))
    )
    (fp_text user %R (at 0 0) (layer F.Fab)
      (effects (font (size 0.5 0.5) (thickness 0.08)))
    )
    (fp_line (start 1.68 0.95) (end -1.68 0.95) (layer F.CrtYd) (width 0.05))
    (fp_line (start 1.68 -0.95) (end 1.68 0.95) (layer F.CrtYd) (width 0.05))
    (fp_line (start -1.68 -0.95) (end 1.68 -0.95) (layer F.CrtYd) (width 0.05))
    (fp_line (start -1.68 0.95) (end -1.68 -0.95) (layer F.CrtYd) (width 0.05))
    (fp_line (start -0.258578 0.71) (end 0.258578 0.71) (layer F.SilkS) (width 0.12))
    (fp_line (start -0.258578 -0.71) (end 0.258578 -0.71) (layer F.SilkS) (width 0.12))
    (fp_line (start 1 0.6) (end -1 0.6) (layer F.Fab) (width 0.1))
    (fp_line (start 1 -0.6) (end 1 0.6) (layer F.Fab) (width 0.1))
    (fp_line (start -1 -0.6) (end 1 -0.6) (layer F.Fab) (width 0.1))
    (fp_line (start -1 0.6) (end -1 -0.6) (layer F.Fab) (width 0.1))
    (pad 2 smd roundrect (at 0.9375 0) (size 0.975 1.4) (layers F.Cu F.Paste F.Mask) (roundrect_rratio 0.25)
      (net 2 ZLIMIT))
    (pad 1 smd roundrect (at -0.9375 0) (size 0.975 1.4) (layers F.Cu F.Paste F.Mask) (roundrect_rratio 0.25)
      (net 9 +5V))
    (model ${KISYS3DMOD}/Resistor_SMD.3dshapes/R_0805_2012Metric.wrl
      (at (xyz 0 0 0))
      (scale (xyz 1 1 1))
      (rotate (xyz 0 0 0))
    )
  )

  (module Resistor_SMD:R_0805_2012Metric (layer B.Cu) (tedit 5B36C52B) (tstamp 5F14D1BE)
    (at 52.705 20.955 270)
    (descr "Resistor SMD 0805 (2012 Metric), square (rectangular) end terminal, IPC_7351 nominal, (Body size source: https://docs.google.com/spreadsheets/d/1BsfQQcO9C6DZCsRaXUlFlo91Tg2WpOkGARC1WS5S8t0/edit?usp=sharing), generated with kicad-footprint-generator")
    (tags resistor)
    (path /5F77B1E3)
    (attr smd)
    (fp_text reference R29 (at -3.175 0 90) (layer B.SilkS)
      (effects (font (size 1 1) (thickness 0.15)) (justify mirror))
    )
    (fp_text value 10K (at 0 -1.65 90) (layer B.Fab) hide
      (effects (font (size 1 1) (thickness 0.15)) (justify mirror))
    )
    (fp_text user %R (at 0 0 90) (layer B.Fab)
      (effects (font (size 0.5 0.5) (thickness 0.08)) (justify mirror))
    )
    (fp_line (start 1.68 -0.95) (end -1.68 -0.95) (layer B.CrtYd) (width 0.05))
    (fp_line (start 1.68 0.95) (end 1.68 -0.95) (layer B.CrtYd) (width 0.05))
    (fp_line (start -1.68 0.95) (end 1.68 0.95) (layer B.CrtYd) (width 0.05))
    (fp_line (start -1.68 -0.95) (end -1.68 0.95) (layer B.CrtYd) (width 0.05))
    (fp_line (start -0.258578 -0.71) (end 0.258578 -0.71) (layer B.SilkS) (width 0.12))
    (fp_line (start -0.258578 0.71) (end 0.258578 0.71) (layer B.SilkS) (width 0.12))
    (fp_line (start 1 -0.6) (end -1 -0.6) (layer B.Fab) (width 0.1))
    (fp_line (start 1 0.6) (end 1 -0.6) (layer B.Fab) (width 0.1))
    (fp_line (start -1 0.6) (end 1 0.6) (layer B.Fab) (width 0.1))
    (fp_line (start -1 -0.6) (end -1 0.6) (layer B.Fab) (width 0.1))
    (pad 2 smd roundrect (at 0.9375 0 270) (size 0.975 1.4) (layers B.Cu B.Paste B.Mask) (roundrect_rratio 0.25)
      (net 23 HOLD))
    (pad 1 smd roundrect (at -0.9375 0 270) (size 0.975 1.4) (layers B.Cu B.Paste B.Mask) (roundrect_rratio 0.25)
      (net 9 +5V))
    (model ${KISYS3DMOD}/Resistor_SMD.3dshapes/R_0805_2012Metric.wrl
      (at (xyz 0 0 0))
      (scale (xyz 1 1 1))
      (rotate (xyz 0 0 0))
    )
  )

  (module Resistor_SMD:R_0805_2012Metric (layer F.Cu) (tedit 5B36C52B) (tstamp 5F14D1AD)
    (at 12.7 47.625)
    (descr "Resistor SMD 0805 (2012 Metric), square (rectangular) end terminal, IPC_7351 nominal, (Body size source: https://docs.google.com/spreadsheets/d/1BsfQQcO9C6DZCsRaXUlFlo91Tg2WpOkGARC1WS5S8t0/edit?usp=sharing), generated with kicad-footprint-generator")
    (tags resistor)
    (path /5F619166)
    (attr smd)
    (fp_text reference R28 (at 0 6.35) (layer F.SilkS)
      (effects (font (size 1 1) (thickness 0.15)))
    )
    (fp_text value 10K (at 0 1.65) (layer F.Fab) hide
      (effects (font (size 1 1) (thickness 0.15)))
    )
    (fp_text user %R (at 0 0) (layer F.Fab)
      (effects (font (size 0.5 0.5) (thickness 0.08)))
    )
    (fp_line (start 1.68 0.95) (end -1.68 0.95) (layer F.CrtYd) (width 0.05))
    (fp_line (start 1.68 -0.95) (end 1.68 0.95) (layer F.CrtYd) (width 0.05))
    (fp_line (start -1.68 -0.95) (end 1.68 -0.95) (layer F.CrtYd) (width 0.05))
    (fp_line (start -1.68 0.95) (end -1.68 -0.95) (layer F.CrtYd) (width 0.05))
    (fp_line (start -0.258578 0.71) (end 0.258578 0.71) (layer F.SilkS) (width 0.12))
    (fp_line (start -0.258578 -0.71) (end 0.258578 -0.71) (layer F.SilkS) (width 0.12))
    (fp_line (start 1 0.6) (end -1 0.6) (layer F.Fab) (width 0.1))
    (fp_line (start 1 -0.6) (end 1 0.6) (layer F.Fab) (width 0.1))
    (fp_line (start -1 -0.6) (end 1 -0.6) (layer F.Fab) (width 0.1))
    (fp_line (start -1 0.6) (end -1 -0.6) (layer F.Fab) (width 0.1))
    (pad 2 smd roundrect (at 0.9375 0) (size 0.975 1.4) (layers F.Cu F.Paste F.Mask) (roundrect_rratio 0.25)
      (net 6 YLIMIT))
    (pad 1 smd roundrect (at -0.9375 0) (size 0.975 1.4) (layers F.Cu F.Paste F.Mask) (roundrect_rratio 0.25)
      (net 9 +5V))
    (model ${KISYS3DMOD}/Resistor_SMD.3dshapes/R_0805_2012Metric.wrl
      (at (xyz 0 0 0))
      (scale (xyz 1 1 1))
      (rotate (xyz 0 0 0))
    )
  )

  (module Resistor_SMD:R_0805_2012Metric (layer B.Cu) (tedit 5B36C52B) (tstamp 5F14D19C)
    (at 50.165 20.955 270)
    (descr "Resistor SMD 0805 (2012 Metric), square (rectangular) end terminal, IPC_7351 nominal, (Body size source: https://docs.google.com/spreadsheets/d/1BsfQQcO9C6DZCsRaXUlFlo91Tg2WpOkGARC1WS5S8t0/edit?usp=sharing), generated with kicad-footprint-generator")
    (tags resistor)
    (path /5F77B1B6)
    (attr smd)
    (fp_text reference R27 (at -3.175 0 90) (layer B.SilkS)
      (effects (font (size 1 1) (thickness 0.15)) (justify mirror))
    )
    (fp_text value 10K (at 0 -1.65 90) (layer B.Fab) hide
      (effects (font (size 1 1) (thickness 0.15)) (justify mirror))
    )
    (fp_text user %R (at 0 0 90) (layer B.Fab)
      (effects (font (size 0.5 0.5) (thickness 0.08)) (justify mirror))
    )
    (fp_line (start 1.68 -0.95) (end -1.68 -0.95) (layer B.CrtYd) (width 0.05))
    (fp_line (start 1.68 0.95) (end 1.68 -0.95) (layer B.CrtYd) (width 0.05))
    (fp_line (start -1.68 0.95) (end 1.68 0.95) (layer B.CrtYd) (width 0.05))
    (fp_line (start -1.68 -0.95) (end -1.68 0.95) (layer B.CrtYd) (width 0.05))
    (fp_line (start -0.258578 -0.71) (end 0.258578 -0.71) (layer B.SilkS) (width 0.12))
    (fp_line (start -0.258578 0.71) (end 0.258578 0.71) (layer B.SilkS) (width 0.12))
    (fp_line (start 1 -0.6) (end -1 -0.6) (layer B.Fab) (width 0.1))
    (fp_line (start 1 0.6) (end 1 -0.6) (layer B.Fab) (width 0.1))
    (fp_line (start -1 0.6) (end 1 0.6) (layer B.Fab) (width 0.1))
    (fp_line (start -1 -0.6) (end -1 0.6) (layer B.Fab) (width 0.1))
    (pad 2 smd roundrect (at 0.9375 0 270) (size 0.975 1.4) (layers B.Cu B.Paste B.Mask) (roundrect_rratio 0.25)
      (net 24 ABORT))
    (pad 1 smd roundrect (at -0.9375 0 270) (size 0.975 1.4) (layers B.Cu B.Paste B.Mask) (roundrect_rratio 0.25)
      (net 9 +5V))
    (model ${KISYS3DMOD}/Resistor_SMD.3dshapes/R_0805_2012Metric.wrl
      (at (xyz 0 0 0))
      (scale (xyz 1 1 1))
      (rotate (xyz 0 0 0))
    )
  )

  (module Resistor_SMD:R_0805_2012Metric (layer F.Cu) (tedit 5B36C52B) (tstamp 5F14D18B)
    (at 12.7 45.085)
    (descr "Resistor SMD 0805 (2012 Metric), square (rectangular) end terminal, IPC_7351 nominal, (Body size source: https://docs.google.com/spreadsheets/d/1BsfQQcO9C6DZCsRaXUlFlo91Tg2WpOkGARC1WS5S8t0/edit?usp=sharing), generated with kicad-footprint-generator")
    (tags resistor)
    (path /5F162AAD)
    (attr smd)
    (fp_text reference R26 (at 0 6.985) (layer F.SilkS)
      (effects (font (size 1 1) (thickness 0.15)))
    )
    (fp_text value 10K (at 0 1.65) (layer F.Fab) hide
      (effects (font (size 1 1) (thickness 0.15)))
    )
    (fp_text user %R (at 0 0) (layer F.Fab)
      (effects (font (size 0.5 0.5) (thickness 0.08)))
    )
    (fp_line (start 1.68 0.95) (end -1.68 0.95) (layer F.CrtYd) (width 0.05))
    (fp_line (start 1.68 -0.95) (end 1.68 0.95) (layer F.CrtYd) (width 0.05))
    (fp_line (start -1.68 -0.95) (end 1.68 -0.95) (layer F.CrtYd) (width 0.05))
    (fp_line (start -1.68 0.95) (end -1.68 -0.95) (layer F.CrtYd) (width 0.05))
    (fp_line (start -0.258578 0.71) (end 0.258578 0.71) (layer F.SilkS) (width 0.12))
    (fp_line (start -0.258578 -0.71) (end 0.258578 -0.71) (layer F.SilkS) (width 0.12))
    (fp_line (start 1 0.6) (end -1 0.6) (layer F.Fab) (width 0.1))
    (fp_line (start 1 -0.6) (end 1 0.6) (layer F.Fab) (width 0.1))
    (fp_line (start -1 -0.6) (end 1 -0.6) (layer F.Fab) (width 0.1))
    (fp_line (start -1 0.6) (end -1 -0.6) (layer F.Fab) (width 0.1))
    (pad 2 smd roundrect (at 0.9375 0) (size 0.975 1.4) (layers F.Cu F.Paste F.Mask) (roundrect_rratio 0.25)
      (net 8 XLIMIT))
    (pad 1 smd roundrect (at -0.9375 0) (size 0.975 1.4) (layers F.Cu F.Paste F.Mask) (roundrect_rratio 0.25)
      (net 9 +5V))
    (model ${KISYS3DMOD}/Resistor_SMD.3dshapes/R_0805_2012Metric.wrl
      (at (xyz 0 0 0))
      (scale (xyz 1 1 1))
      (rotate (xyz 0 0 0))
    )
  )

  (module CustomLibrary:buck_conv (layer F.Cu) (tedit 5F02D487) (tstamp 5F152928)
    (at 15.875 31.115)
    (path /5F0418DC)
    (fp_text reference U1 (at 10.16 -8.89) (layer F.SilkS)
      (effects (font (size 1 1) (thickness 0.15)))
    )
    (fp_text value buck_conv (at 10.16 -7.62) (layer F.Fab)
      (effects (font (size 1 1) (thickness 0.15)))
    )
    (fp_line (start 15.875 -6.985) (end 14.605 -5.715) (layer F.SilkS) (width 0.15))
    (fp_line (start 15.875 -6.985) (end 14.605 -8.255) (layer F.SilkS) (width 0.15))
    (fp_line (start 3.81 -6.985) (end 15.875 -6.985) (layer F.SilkS) (width 0.15))
    (fp_text user OUT+ (at 21.59 -5.715 90) (layer F.SilkS)
      (effects (font (size 1 1) (thickness 0.15)))
    )
    (fp_text user OUT- (at 21.59 -12.7 90) (layer F.SilkS)
      (effects (font (size 1 1) (thickness 0.15)))
    )
    (fp_text user IN- (at -2.159 -12.7 90) (layer F.SilkS)
      (effects (font (size 1 1) (thickness 0.15)))
    )
    (fp_text user IN+ (at -2.159 -1.27 90) (layer F.SilkS)
      (effects (font (size 1 1) (thickness 0.15)))
    )
    (fp_line (start 20.4 1.7) (end -1.5 1.7) (layer F.SilkS) (width 0.15))
    (fp_line (start 20.4 -15.4) (end 20.4 1.7) (layer F.SilkS) (width 0.15))
    (fp_line (start -1.5 -15.4) (end 20.4 -15.4) (layer F.SilkS) (width 0.15))
    (fp_line (start -1.5 1.7) (end -1.5 -15.4) (layer F.SilkS) (width 0.15))
    (pad 3 thru_hole circle (at 19.05 0) (size 1.7 1.7) (drill 1) (layers *.Cu *.Mask)
      (net 75 "Net-(A1-Pad30)"))
    (pad 3 thru_hole circle (at 19.05 -2.54) (size 1.7 1.7) (drill 1) (layers *.Cu *.Mask)
      (net 75 "Net-(A1-Pad30)"))
    (pad 4 thru_hole circle (at 19.05 -11.43) (size 1.7 1.7) (drill 1) (layers *.Cu *.Mask)
      (net 5 GND))
    (pad 4 thru_hole circle (at 19.05 -13.97) (size 1.7 1.7) (drill 1) (layers *.Cu *.Mask)
      (net 5 GND))
    (pad 1 thru_hole circle (at 0 0) (size 1.7 1.7) (drill 1) (layers *.Cu *.Mask)
      (net 3 +12V))
    (pad 1 thru_hole circle (at 0 -2.54) (size 1.7 1.7) (drill 1) (layers *.Cu *.Mask)
      (net 3 +12V))
    (pad 2 thru_hole circle (at 0 -11.43) (size 1.7 1.7) (drill 1) (layers *.Cu *.Mask)
      (net 5 GND))
    (pad 2 thru_hole circle (at 0 -13.97) (size 1.7 1.7) (drill 1) (layers *.Cu *.Mask)
      (net 5 GND))
  )

  (module Capacitor_THT:CP_Radial_D5.0mm_P2.50mm (layer F.Cu) (tedit 5AE50EF0) (tstamp 5EF7CABC)
    (at 85.725 43.815)
    (descr "CP, Radial series, Radial, pin pitch=2.50mm, , diameter=5mm, Electrolytic Capacitor")
    (tags "CP Radial series Radial pin pitch 2.50mm  diameter 5mm Electrolytic Capacitor")
    (path /5EEC529B)
    (fp_text reference C4 (at 1.27 3.81) (layer F.SilkS)
      (effects (font (size 1 1) (thickness 0.15)))
    )
    (fp_text value 100uF (at 1.25 3.75) (layer F.Fab)
      (effects (font (size 1 1) (thickness 0.15)))
    )
    (fp_text user %R (at 1.25 0) (layer F.Fab)
      (effects (font (size 1 1) (thickness 0.15)))
    )
    (fp_line (start -1.304775 -1.725) (end -1.304775 -1.225) (layer F.SilkS) (width 0.12))
    (fp_line (start -1.554775 -1.475) (end -1.054775 -1.475) (layer F.SilkS) (width 0.12))
    (fp_line (start 3.851 -0.284) (end 3.851 0.284) (layer F.SilkS) (width 0.12))
    (fp_line (start 3.811 -0.518) (end 3.811 0.518) (layer F.SilkS) (width 0.12))
    (fp_line (start 3.771 -0.677) (end 3.771 0.677) (layer F.SilkS) (width 0.12))
    (fp_line (start 3.731 -0.805) (end 3.731 0.805) (layer F.SilkS) (width 0.12))
    (fp_line (start 3.691 -0.915) (end 3.691 0.915) (layer F.SilkS) (width 0.12))
    (fp_line (start 3.651 -1.011) (end 3.651 1.011) (layer F.SilkS) (width 0.12))
    (fp_line (start 3.611 -1.098) (end 3.611 1.098) (layer F.SilkS) (width 0.12))
    (fp_line (start 3.571 -1.178) (end 3.571 1.178) (layer F.SilkS) (width 0.12))
    (fp_line (start 3.531 1.04) (end 3.531 1.251) (layer F.SilkS) (width 0.12))
    (fp_line (start 3.531 -1.251) (end 3.531 -1.04) (layer F.SilkS) (width 0.12))
    (fp_line (start 3.491 1.04) (end 3.491 1.319) (layer F.SilkS) (width 0.12))
    (fp_line (start 3.491 -1.319) (end 3.491 -1.04) (layer F.SilkS) (width 0.12))
    (fp_line (start 3.451 1.04) (end 3.451 1.383) (layer F.SilkS) (width 0.12))
    (fp_line (start 3.451 -1.383) (end 3.451 -1.04) (layer F.SilkS) (width 0.12))
    (fp_line (start 3.411 1.04) (end 3.411 1.443) (layer F.SilkS) (width 0.12))
    (fp_line (start 3.411 -1.443) (end 3.411 -1.04) (layer F.SilkS) (width 0.12))
    (fp_line (start 3.371 1.04) (end 3.371 1.5) (layer F.SilkS) (width 0.12))
    (fp_line (start 3.371 -1.5) (end 3.371 -1.04) (layer F.SilkS) (width 0.12))
    (fp_line (start 3.331 1.04) (end 3.331 1.554) (layer F.SilkS) (width 0.12))
    (fp_line (start 3.331 -1.554) (end 3.331 -1.04) (layer F.SilkS) (width 0.12))
    (fp_line (start 3.291 1.04) (end 3.291 1.605) (layer F.SilkS) (width 0.12))
    (fp_line (start 3.291 -1.605) (end 3.291 -1.04) (layer F.SilkS) (width 0.12))
    (fp_line (start 3.251 1.04) (end 3.251 1.653) (layer F.SilkS) (width 0.12))
    (fp_line (start 3.251 -1.653) (end 3.251 -1.04) (layer F.SilkS) (width 0.12))
    (fp_line (start 3.211 1.04) (end 3.211 1.699) (layer F.SilkS) (width 0.12))
    (fp_line (start 3.211 -1.699) (end 3.211 -1.04) (layer F.SilkS) (width 0.12))
    (fp_line (start 3.171 1.04) (end 3.171 1.743) (layer F.SilkS) (width 0.12))
    (fp_line (start 3.171 -1.743) (end 3.171 -1.04) (layer F.SilkS) (width 0.12))
    (fp_line (start 3.131 1.04) (end 3.131 1.785) (layer F.SilkS) (width 0.12))
    (fp_line (start 3.131 -1.785) (end 3.131 -1.04) (layer F.SilkS) (width 0.12))
    (fp_line (start 3.091 1.04) (end 3.091 1.826) (layer F.SilkS) (width 0.12))
    (fp_line (start 3.091 -1.826) (end 3.091 -1.04) (layer F.SilkS) (width 0.12))
    (fp_line (start 3.051 1.04) (end 3.051 1.864) (layer F.SilkS) (width 0.12))
    (fp_line (start 3.051 -1.864) (end 3.051 -1.04) (layer F.SilkS) (width 0.12))
    (fp_line (start 3.011 1.04) (end 3.011 1.901) (layer F.SilkS) (width 0.12))
    (fp_line (start 3.011 -1.901) (end 3.011 -1.04) (layer F.SilkS) (width 0.12))
    (fp_line (start 2.971 1.04) (end 2.971 1.937) (layer F.SilkS) (width 0.12))
    (fp_line (start 2.971 -1.937) (end 2.971 -1.04) (layer F.SilkS) (width 0.12))
    (fp_line (start 2.931 1.04) (end 2.931 1.971) (layer F.SilkS) (width 0.12))
    (fp_line (start 2.931 -1.971) (end 2.931 -1.04) (layer F.SilkS) (width 0.12))
    (fp_line (start 2.891 1.04) (end 2.891 2.004) (layer F.SilkS) (width 0.12))
    (fp_line (start 2.891 -2.004) (end 2.891 -1.04) (layer F.SilkS) (width 0.12))
    (fp_line (start 2.851 1.04) (end 2.851 2.035) (layer F.SilkS) (width 0.12))
    (fp_line (start 2.851 -2.035) (end 2.851 -1.04) (layer F.SilkS) (width 0.12))
    (fp_line (start 2.811 1.04) (end 2.811 2.065) (layer F.SilkS) (width 0.12))
    (fp_line (start 2.811 -2.065) (end 2.811 -1.04) (layer F.SilkS) (width 0.12))
    (fp_line (start 2.771 1.04) (end 2.771 2.095) (layer F.SilkS) (width 0.12))
    (fp_line (start 2.771 -2.095) (end 2.771 -1.04) (layer F.SilkS) (width 0.12))
    (fp_line (start 2.731 1.04) (end 2.731 2.122) (layer F.SilkS) (width 0.12))
    (fp_line (start 2.731 -2.122) (end 2.731 -1.04) (layer F.SilkS) (width 0.12))
    (fp_line (start 2.691 1.04) (end 2.691 2.149) (layer F.SilkS) (width 0.12))
    (fp_line (start 2.691 -2.149) (end 2.691 -1.04) (layer F.SilkS) (width 0.12))
    (fp_line (start 2.651 1.04) (end 2.651 2.175) (layer F.SilkS) (width 0.12))
    (fp_line (start 2.651 -2.175) (end 2.651 -1.04) (layer F.SilkS) (width 0.12))
    (fp_line (start 2.611 1.04) (end 2.611 2.2) (layer F.SilkS) (width 0.12))
    (fp_line (start 2.611 -2.2) (end 2.611 -1.04) (layer F.SilkS) (width 0.12))
    (fp_line (start 2.571 1.04) (end 2.571 2.224) (layer F.SilkS) (width 0.12))
    (fp_line (start 2.571 -2.224) (end 2.571 -1.04) (layer F.SilkS) (width 0.12))
    (fp_line (start 2.531 1.04) (end 2.531 2.247) (layer F.SilkS) (width 0.12))
    (fp_line (start 2.531 -2.247) (end 2.531 -1.04) (layer F.SilkS) (width 0.12))
    (fp_line (start 2.491 1.04) (end 2.491 2.268) (layer F.SilkS) (width 0.12))
    (fp_line (start 2.491 -2.268) (end 2.491 -1.04) (layer F.SilkS) (width 0.12))
    (fp_line (start 2.451 1.04) (end 2.451 2.29) (layer F.SilkS) (width 0.12))
    (fp_line (start 2.451 -2.29) (end 2.451 -1.04) (layer F.SilkS) (width 0.12))
    (fp_line (start 2.411 1.04) (end 2.411 2.31) (layer F.SilkS) (width 0.12))
    (fp_line (start 2.411 -2.31) (end 2.411 -1.04) (layer F.SilkS) (width 0.12))
    (fp_line (start 2.371 1.04) (end 2.371 2.329) (layer F.SilkS) (width 0.12))
    (fp_line (start 2.371 -2.329) (end 2.371 -1.04) (layer F.SilkS) (width 0.12))
    (fp_line (start 2.331 1.04) (end 2.331 2.348) (layer F.SilkS) (width 0.12))
    (fp_line (start 2.331 -2.348) (end 2.331 -1.04) (layer F.SilkS) (width 0.12))
    (fp_line (start 2.291 1.04) (end 2.291 2.365) (layer F.SilkS) (width 0.12))
    (fp_line (start 2.291 -2.365) (end 2.291 -1.04) (layer F.SilkS) (width 0.12))
    (fp_line (start 2.251 1.04) (end 2.251 2.382) (layer F.SilkS) (width 0.12))
    (fp_line (start 2.251 -2.382) (end 2.251 -1.04) (layer F.SilkS) (width 0.12))
    (fp_line (start 2.211 1.04) (end 2.211 2.398) (layer F.SilkS) (width 0.12))
    (fp_line (start 2.211 -2.398) (end 2.211 -1.04) (layer F.SilkS) (width 0.12))
    (fp_line (start 2.171 1.04) (end 2.171 2.414) (layer F.SilkS) (width 0.12))
    (fp_line (start 2.171 -2.414) (end 2.171 -1.04) (layer F.SilkS) (width 0.12))
    (fp_line (start 2.131 1.04) (end 2.131 2.428) (layer F.SilkS) (width 0.12))
    (fp_line (start 2.131 -2.428) (end 2.131 -1.04) (layer F.SilkS) (width 0.12))
    (fp_line (start 2.091 1.04) (end 2.091 2.442) (layer F.SilkS) (width 0.12))
    (fp_line (start 2.091 -2.442) (end 2.091 -1.04) (layer F.SilkS) (width 0.12))
